5
5
1 5 3 6 4
8
1 5 3 6 4 8 4 0
10
1 5 3 6 4 8 4 0 9 9
100
1 5 3 6 4 8 4 0 9 9 1 5 3 6 4 8 4 0 9 9 1 5 3 6 4 8 4 0 9 9 1 5 3 6 4 8 4 0 9 9 1 5 3 6 4 8 4 0 9 9 1 5 3 6 4 8 4 0 9 9 1 5 3 6 4 8 4 0 9 9 1 5 3 6 4 8 4 0 9 9 1 5 3 6 4 8 4 0 9 9 1 5 3 6 4 8 4 0 9 9
1000
1 5 3 6 4 8 4 0 9 9 1 5 3 6 4 8 4 0 9 9 1 5 3 6 4 8 4 0 9 9 1 5 3 6 4 8 4 0 9 9 1 5 3 6 4 8 4 0 9 9 1 5 3 6 4 8 4 0 9 9 1 5 3 6 4 8 4 0 9 9 1 5 3 6 4 8 4 0 9 9 1 5 3 6 4 8 4 0 9 9 1 5 3 6 4 8 4 0 9 9 1 5 3 6 4 8 4 0 9 9 1 5 3 6 4 8 4 0 9 9 1 5 3 6 4 8 4 0 9 9 1 5 3 6 4 8 4 0 9 9 1 5 3 6 4 8 4 0 9 9 1 5 3 6 4 8 4 0 9 9 1 5 3 6 4 8 4 0 9 9 1 5 3 6 4 8 4 0 9 9 1 5 3 6 4 8 4 0 9 9 1 5 3 6 4 8 4 0 9 9 1 5 3 6 4 8 4 0 9 9 1 5 3 6 4 8 4 0 9 9 1 5 3 6 4 8 4 0 9 9 1 5 3 6 4 8 4 0 9 9 1 5 3 6 4 8 4 0 9 9 1 5 3 6 4 8 4 0 9 9 1 5 3 6 4 8 4 0 9 9 1 5 3 6 4 8 4 0 9 9 1 5 3 6 4 8 4 0 9 9 1 5 3 6 4 8 4 0 9 9 1 5 3 6 4 8 4 0 9 9 1 5 3 6 4 8 4 0 9 9 1 5 3 6 4 8 4 0 9 9 1 5 3 6 4 8 4 0 9 9 1 5 3 6 4 8 4 0 9 9 1 5 3 6 4 8 4 0 9 9 1 5 3 6 4 8 4 0 9 9 1 5 3 6 4 8 4 0 9 9 1 5 3 6 4 8 4 0 9 9 1 5 3 6 4 8 4 0 9 9 1 5 3 6 4 8 4 0 9 9 1 5 3 6 4 8 4 0 9 9 1 5 3 6 4 8 4 0 9 9 1 5 3 6 4 8 4 0 9 9 1 5 3 6 4 8 4 0 9 9 1 5 3 6 4 8 4 0 9 9 1 5 3 6 4 8 4 0 9 9 1 5 3 6 4 8 4 0 9 9 1 5 3 6 4 8 4 0 9 9 1 5 3 6 4 8 4 0 9 9 1 5 3 6 4 8 4 0 9 9 1 5 3 6 4 8 4 0 9 9 1 5 3 6 4 8 4 0 9 9 1 5 3 6 4 8 4 0 9 9 1 5 3 6 4 8 4 0 9 9 1 5 3 6 4 8 4 0 9 9 1 5 3 6 4 8 4 0 9 9 1 5 3 6 4 8 4 0 9 9 1 5 3 6 4 8 4 0 9 9 1 5 3 6 4 8 4 0 9 9 1 5 3 6 4 8 4 0 9 9 1 5 3 6 4 8 4 0 9 9 1 5 3 6 4 8 4 0 9 9 1 5 3 6 4 8 4 0 9 9 1 5 3 6 4 8 4 0 9 9 1 5 3 6 4 8 4 0 9 9 1 5 3 6 4 8 4 0 9 9 1 5 3 6 4 8 4 0 9 9 1 5 3 6 4 8 4 0 9 9 1 5 3 6 4 8 4 0 9 9 1 5 3 6 4 8 4 0 9 9 1 5 3 6 4 8 4 0 9 9 1 5 3 6 4 8 4 0 9 9 1 5 3 6 4 8 4 0 9 9 1 5 3 6 4 8 4 0 9 9 1 5 3 6 4 8 4 0 9 9 1 5 3 6 4 8 4 0 9 9 1 5 3 6 4 8 4 0 9 9 1 5 3 6 4 8 4 0 9 9 1 5 3 6 4 8 4 0 9 9 1 5 3 6 4 8 4 0 9 9 1 5 3 6 4 8 4 0 9 9 1 5 3 6 4 8 4 0 9 9 1 5 3 6 4 8 4 0 9 9 1 5 3 6 4 8 4 0 9 9 1 5 3 6 4 8 4 0 9 9 1 5 3 6 4 8 4 0 9 9 1 5 3 6 4 8 4 0 9 9 1 5 3 6 4 8 4 0 9 9 1 5 3 6 4 8 4 0 9 9 1 5 3 6 4 8 4 0 9 9 1 5 3 6 4 8 4 0 9 9 1 5 3 6 4 8 4 0 9 9 1 5 3 6 4 8 4 0 9 9 1 5 3 6 4 8 4 0 9 9 1 5 3 6 4 8 4 0 9 9 1 5 3 6 4 8 4 0 9 9 1 5 3 6 4 8 4 0 9 9 1 5 3 6 4 8 4 0 9 9 1 5 3 6 4 8 4 0 9 9